32003610000000821700
32003610000000821086
32003610000000820872
32003610000000822694
32003610000000822677
32003610000000822664
32003610000000822707
32003610000000822697
32003610000000822693
32003610000000822698
32003610000000822780
32003610000000822778
32003610000000822760
32003610000000822777
32003610000000822730
32003610000000822781
32003610000000822713
32003610000000822779
32003610000000822758
32003610000000822757
32003610000000821700
32003610000000821086
32003610000000820872
32003610000000822694
32003610000000822677
32003610000000822664
32003610000000822707
32003610000000822697
32003610000000822693
32003610000000822698
32003610000000822780
32003610000000822778
32003610000000822760
32003610000000822777
32003610000000822730
32003610000000822781
32003610000000822713
32003610000000822779
32003610000000822758
32003610000000822757
32003610000000822734
32003610000000822762
32003610000000822876
32003610000000822833
32003610000000822831
32003610000000822875
32003610000000822839
32003610000000822877
32003610000000822783
32003610000000822939
32003610000000822896
32003610000000822944
32003610000000822879
32003610000000822891
32003610000000823129
32003610000000823021
32003610000000823158
32003610000000823176
32003610000000823157
32003610000000823133
32003610000000823175
32003610000000823020
32003610000000823126
32003610000000823076
32003610000000823018
32003610000000823019
32003610000000823011
32003610000000822999
32003610000000823002
32003610000000823016
32003610000000823013
32003610000000823014
32003610000000823001
32003610000000823012
32003610000000823010
32003610000000823000
32003610000000823015
32003610000000823017
32003610000000822976
32003610000000822997
32003610000000822960
32003610000000822994
32003610000000823008
32003610000000822995
32003610000000823007
32003610000000822996
32003610000000823009
32003610000000822974
32003610000000822998
32003610000000822186
32003610000000823068
32003610000000823194
32003610000000823152
32003610000000823151
32003610000000822534
32003610000000823098
32003610000000823085
32003610000000822414
32003610000000822386
32003610000000821865
32003610000000821908
32003610000000821765
32003610000000822950
32003610000000822871
32003610000000822716
32003610000000822656
32003610000000821891
32003610000000821800
32003610000000822616
32003610000000822188
32003610000000821920
32003610000000822636
32003610000000822597
32003610000000822687
32003610000000822187
32003610000000822072
32003610000000822443
32003610000000822860
32003610000000821966
32003610000000821909
32003610000000822907
32003610000000821867
32003610000000821411
32003610000000820503
32003610000000819951
32003610000000822859
32003610000000821885
32003610000000822714
32003610000000822705
32003610000000822727
32003610000000822719
32003610000000822738
32003610000000822728
32003610000000822949
32003610000000822946
32003610000000822943
32003610000000822898
32003610000000822940
32003610000000822972
32003610000000822889
32003610000000822868
32003610000000822887
32003610000000822977
32003610000000822869
32003610000000822721
32003610000000822001
32003610000000822498
32003610000000822840
32003610000000822843
32003610000000822844
32003610000000822865
32003610000000822841
32003610000000822842
32003610000000822866
32003610000000822782
32003610000000822832
32003610000000822805
32003610000000822639
32003610000000822641
32003610000000822654
32003610000000822653
32003610000000822635
32003610000000822634
32003610000000822638
32003610000000822606
32003610000000822631
32003610000000822647
32003610000000822604
32003610000000822605
32003610000000822625
32003610000000822648
32003610000000822603
32003610000000822626
32003610000000822650
32003610000000822655
32003610000000822630
32003610000000822620
32003610000000822601
32003610000000822622
32003610000000822599
32003610000000822617
32003610000000822560
32003610000000822598
32003610000000822618
32003610000000822621
32003610000000822600
32003610000000822575
32003610000000822619
32003610000000822551
32003610000000822555
32003610000000822556
32003610000000822559
32003610000000822557
32003610000000822572
32003610000000822570
32003610000000822553
32003610000000822573
32003610000000822567
32003610000000822569
32003610000000822568
32003610000000822539
32003610000000822544
32003610000000822547
32003610000000822542
32003610000000822541
32003610000000822526
32003610000000822524
32003610000000822549
32003610000000822546
32003610000000822540
32003610000000822536
32003610000000822537
32003610000000822522
32003610000000822440
32003610000000822531
32003610000000822502
32003610000000822449
32003610000000822441
32003610000000822523
32003610000000822509
32003610000000822501
32003610000000822533
32003610000000822517
32003610000000822535
32003610000000822431
32003610000000822433
32003610000000822437
32003610000000822439
32003610000000822435
32003610000000822447
32003610000000822425
32003610000000822432
32003610000000822426
32003610000000822436
32003610000000822438
32003610000000822434
32003610000000822423
32003610000000822420
32003610000000822424
32003610000000822421
32003610000000822580
32003610000000822315
32003610000000821868
32003610000000821830
32003610000000821827
32003610000000821742
32003610000000821834
32003610000000821841
32003610000000821780
32003610000000821824
32003610000000821843
32003610000000821839
32003610000000821829
32003610000000821845
32003610000000821821
32003610000000821826
32003610000000821831
32003610000000821743
32003610000000821836
32003610000000821837
32003610000000822073
32003610000000821575
32003610000000821840
32003610000000821825
32003610000000821604
32003610000000821838
32003610000000821822
32003610000000821828
32003610000000821832
32003610000000821863
32003610000000821844
32003610000000821480
32003610000000822134
32003610000000822114
32003610000000821584
32003610000000822300
32003610000000822295
32003610000000821370
32003610000000822296
32003610000000822301
32003610000000821721
32003610000000821851
32003610000000821375
32003610000000822120
32003610000000821750
32003610000000821592
32003610000000822408
32003610000000822401
32003610000000821613
32003610000000822396
32003610000000822402
32003610000000822410
32003610000000822124
32003610000000822292
32003610000000822298
32003610000000822195
32003610000000822407
32003610000000822397
32003610000000822399
32003610000000822294
32003610000000822293
32003610000000822409
32003610000000822079
32003610000000822046
32003610000000821706
32003610000000821929
32003610000000821784
32003610000000821785
32003610000000821991
32003610000000822075
32003610000000821813
32003610000000821806
32003610000000822070
32003610000000822374
32003610000000822038
32003610000000821850
32003610000000822278
32003610000000821860
32003610000000821627
32003610000000822218
32003610000000821600
32003610000000821651
32003610000000821597
32003610000000821577
32003610000000822372
32003610000000821893
32003610000000821808
32003610000000821812
32003610000000821594
32003610000000821579
32003610000000821599
32003610000000821533
32003610000000821541
32003610000000821571
32003610000000821389
32003610000000821544
32003610000000821573
32003610000000821746
32003610000000821852
32003610000000821607
32003610000000821745
32003610000000822147
32003610000000821807
32003610000000821542
32003610000000821534
32003610000000822071
32003610000000822077
32003610000000821809
32003610000000822281
32003610000000822373
32003610000000821987
32003610000000821654
32003610000000821612
32003610000000821811
32003610000000821986
32003610000000821591
32003610000000821994
32003610000000822113
32003610000000822282
32003610000000822276
32003610000000821805
32003610000000821789
32003610000000822279
32003610000000821914
32003610000000821786
32003610000000821371
32003610000000821372
32003610000000821993
32003610000000822304
32003610000000822277
32003610000000821912
32003610000000821849
32003610000000821804
32003610000000821791
32003610000000822320
32003610000000821792
32003610000000821790
32003610000000822138
32003610000000822090
32003610000000821890
32003610000000821847
32003610000000822062
32003610000000822305
32003610000000821848
32003610000000821961
32003610000000822371
32003610000000822136
32003610000000822302
32003610000000822087
32003610000000822203
32003610000000822080
32003610000000821801
32003610000000822061
32003610000000821996
32003610000000822336
32003610000000822091
32003610000000821803
32003610000000822299
32003610000000822297
32003610000000822127
32003610000000822089
32003610000000822280
32003610000000822064
32003610000000822060
32003610000000822208
32003610000000822063
32003610000000822150
32003610000000822198
32003610000000822151
32003610000000820019
32003610000000819371
32003610000000820001
32003610000000818669
32003610000000822406
32003610000000821521
32003610000000820109
32003610000000822202
32003610000000822233
32003610000000819826
32003610000000820194
32003610000000820121
32003610000000820135
32003610000000821056
32003610000000820126
32003610000000821412
32003610000000818520
32003610000000818737
32003610000000820233
32003610000000821461
32003610000000819248
32003610000000820134
32003610000000821052
32003610000000820975
32003610000000822284
32003610000000822310
32003610000000822312
32003610000000822307
32003610000000822309
32003610000000822306
32003610000000822328
32003610000000822327
32003610000000822308
32003610000000822340
32003610000000822329
32003610000000822285
32003610000000822252
32003610000000822206
32003610000000822303
32003610000000822283
32003610000000822291
32003610000000822274
32003610000000822290
32003610000000822275
32003610000000822271
32003610000000822287
32003610000000822375
32003610000000822451
32003610000000822448
32003610000000822455
32003610000000822404
32003610000000822357
32003610000000822358
32003610000000822359
32003610000000822360
32003610000000822391
32003610000000822442
32003610000000822370
32003610000000822444
32003610000000822456
32003610000000822356
32003610000000822350
32003610000000822429
32003610000000822430
32003610000000822400
32003610000000822419
32003610000000822338
32003610000000822286
32003610000000822231
32003610000000822232
32003610000000822390
32003610000000822416
32003610000000821728
32003610000000820994
32003610000000820002
32003610000000819922
32003610000000819930
32003610000000819890
32003610000000819746
32003610000000819160
32003610000000822000
32003610000000822194
32003610000000822107
32003610000000822014
32003610000000822207
32003610000000822102
32003610000000822098
32003610000000821854
32003610000000821516
32003610000000821667
32003610000000821459
32003610000000822200
32003610000000822057
32003610000000822045
32003610000000821928
32003610000000822214
32003610000000821873
32003610000000821835
32003610000000822030
32003610000000822184
32003610000000822002
32003610000000822191
32003610000000822190
32003610000000822170
32003610000000821643
32003610000000821632
32003610000000822081
32003610000000822065
32003610000000821714
32003610000000821774
32003610000000821905
32003610000000821906
32003610000000822048
32003610000000821502
32003610000000821930
32003610000000822192
32003610000000822193
32003610000000822189
32003610000000821931
32003610000000822161
32003610000000822234
32003610000000821554
32003610000000821428
32003610000000821904
32003610000000821962
32003610000000821924
32003610000000822009
32003610000000822012
32003610000000821823
32003610000000822034
32003610000000822035
32003610000000822018
32003610000000822033
32003610000000822175
32003610000000822156
32003610000000822158
32003610000000822160
32003610000000822157
32003610000000822178
32003610000000822155
32003610000000822172
32003610000000822173
32003610000000822168
32003610000000822174
32003610000000822176
32003610000000822122
32003610000000822133
32003610000000822123
32003610000000822154
32003610000000822144
32003610000000822125
32003610000000822153
32003610000000822143
32003610000000822142
32003610000000822141
32003610000000822145
32003610000000822126
32003610000000822117
32003610000000822116
32003610000000822118
32003610000000822130
32003610000000822129
32003610000000822017
32003610000000822132
32003610000000822082
32003610000000822128
32003610000000822083
32003610000000822131
32003610000000822115
32003610000000821925
32003610000000821922
32003610000000821926
32003610000000821892
32003610000000822149
32003610000000822112
32003610000000822140
32003610000000822199
32003610000000822185
32003610000000822215
32003610000000820743
32003610000000821998
32003610000000821913
32003610000000821902
32003610000000821901
32003610000000822053
32003610000000821899
32003610000000819964
32003610000000821278
32003610000000821617
32003610000000821498
32003610000000821300
32003610000000821927
32003610000000822108
32003610000000821992
32003610000000822006
32003610000000822003
32003610000000821995
32003610000000822110
32003610000000822111
32003610000000821960
32003610000000822109
32003610000000822085
32003610000000822028
32003610000000822086
32003610000000821955
32003610000000821977
32003610000000821967
32003610000000821949
32003610000000821968
32003610000000821969
32003610000000821954
32003610000000821958
32003610000000821983
32003610000000821956
32003610000000821982
32003610000000821988
32003610000000821990
32003610000000821970
32003610000000821973
32003610000000821985
32003610000000821984
32003610000000821959
32003610000000821957
32003610000000821974
32003610000000821981
32003610000000821980
32003610000000821979
32003610000000821910
32003610000000821652
32003610000000821605
32003610000000821587
32003610000000821482
32003610000000821601
32003610000000821589
32003610000000821653
32003610000000821466
32003610000000821602
32003610000000821564
32003610000000821507
32003610000000821578
32003610000000821483
32003610000000821485
32003610000000821475
32003610000000821557
32003610000000821782
32003610000000821595
32003610000000821751
32003610000000821489
32003610000000821373
32003610000000821476
32003610000000821487
32003610000000821567
32003610000000821369
32003610000000821650
32003610000000821586
32003610000000821500
32003610000000821609
32003610000000821752
32003610000000821708
32003610000000820507
32003610000000820479
32003610000000820483
32003610000000820476
32003610000000820470
32003610000000821169
32003610000000820539
32003610000000820541
32003610000000821387
32003610000000821366
32003610000000820542
32003610000000820475
32003610000000820532
32003610000000820514
32003610000000821365
32003610000000820540
32003610000000820332
32003610000000820473
32003610000000820513
32003610000000821327
32003610000000820506
32003610000000821364
32003610000000820179
32003610000000821061
32003610000000820460
32003610000000821002
32003610000000820517
32003610000000820477
32003610000000820996
32003610000000820472
32003610000000820536
32003610000000820515
32003610000000820464
32003610000000821003
32003610000000820336
32003610000000820512
32003610000000821057
32003610000000820504
32003610000000820440
32003610000000821328
32003610000000821368
32003610000000821077
32003610000000820337
32003610000000820979
32003610000000820453
32003610000000821032
32003610000000820804
32003610000000821016
32003610000000821259
32003610000000820458
32003610000000821001
32003610000000820944
32003610000000821039
32003610000000821281
32003610000000821346
32003610000000821316
32003610000000820889
32003610000000821014
32003610000000821045
32003610000000820985
32003610000000821059
32003610000000820498
32003610000000821069
32003610000000820998
32003610000000820899
32003610000000820997
32003610000000821363
32003610000000821171
32003610000000820488
32003610000000820831
32003610000000820487
32003610000000820201
32003610000000821254
32003610000000820965
32003610000000820224
32003610000000820923
32003610000000820990
32003610000000821367
32003610000000820491
32003610000000820981
32003610000000820485
32003610000000820457
32003610000000820197
32003610000000820489
32003610000000821251
32003610000000821266
32003610000000822055
32003610000000821883
32003610000000821570
32003610000000821448
32003610000000821450
32003610000000821453
32003610000000821425
32003610000000821423
32003610000000821455
32003610000000821449
32003610000000821456
32003610000000821457
32003610000000821468
32003610000000821443
32003610000000821434
32003610000000821421
32003610000000821417
32003610000000821429
32003610000000821442
32003610000000821437
32003610000000821438
32003610000000821435
32003610000000821381
32003610000000821382
32003610000000821432
32003610000000821416
32003610000000821415
32003610000000821414
32003610000000821359
32003610000000821343
32003610000000821340
32003610000000821338
32003610000000821342
32003610000000821376
32003610000000821345
32003610000000821344
32003610000000821339
32003610000000821341
32003610000000821335
32003610000000821352
32003610000000821355
32003610000000821358
32003610000000821349
32003610000000821323
32003610000000821357
32003610000000821334
32003610000000821330
32003610000000821336
32003610000000821350
32003610000000821337
32003610000000821279
32003610000000821189
32003610000000821262
32003610000000821306
32003610000000821268
32003610000000821304
32003610000000821662
32003610000000821798
32003610000000821799
32003610000000821817
32003610000000821818
32003610000000821816
32003610000000821796
32003610000000821764
32003610000000821815
32003610000000821699
32003610000000821763
32003610000000821795
32003610000000821649
32003610000000821886
32003610000000821427
32003610000000821767
32003610000000821318
32003610000000821436
32003610000000821248
32003610000000821520
32003610000000821439
32003610000000821091
32003610000000821282
32003610000000821469
32003610000000821302
32003610000000821285
32003610000000821559
32003610000000821296
32003610000000821131
32003610000000821351
32003610000000821562
32003610000000821249
32003610000000821212
32003610000000821524
32003610000000821451
32003610000000821215
32003610000000821321
32003610000000821348
32003610000000821235
32003610000000821231
32003610000000821505
32003610000000821527
32003610000000821386
32003610000000821384
32003610000000821233
32003610000000821458
32003610000000821324
32003610000000821329
32003610000000821229
32003610000000821256
32003610000000821310
32003610000000821422
32003610000000821257
32003610000000821303
32003610000000821284
32003610000000821424
32003610000000821431
32003610000000821292
32003610000000821445
32003610000000821528
32003610000000821118
32003610000000821433
32003610000000821301
32003610000000821224
32003610000000821247
32003610000000821222
32003610000000821307
32003610000000821140
32003610000000821228
32003610000000821221
32003610000000821209
32003610000000821454
32003610000000821245
32003610000000821220
32003610000000821255
32003610000000821530
32003610000000821252
32003610000000821430
32003610000000821332
32003610000000821517
32003610000000821347
32003610000000821331
32003610000000821217
32003610000000821548
32003610000000821426
32003610000000821320
32003610000000820822
32003610000000820607
32003610000000820271
32003610000000820602
32003610000000820625
32003610000000820675
32003610000000820600
32003610000000820557
32003610000000820568
32003610000000820612
32003610000000820608
32003610000000820567
32003610000000820603
32003610000000820615
32003610000000820594
32003610000000820605
32003610000000820081
32003610000000820587
32003610000000820610
32003610000000820591
32003610000000820150
32003610000000820626
32003610000000820630
32003610000000820574
32003610000000820620
32003610000000820571
32003610000000820628
32003610000000820205
32003610000000820582
32003610000000820609
32003610000000820632
32003610000000820563
32003610000000820631
32003610000000820586
32003610000000820554
32003610000000820627
32003610000000820617
32003610000000820633
32003610000000820573
32003610000000820570
32003610000000820559
32003610000000820236
32003610000000820565
32003610000000820618
32003610000000820611
32003610000000820614
32003610000000820566
32003610000000820580
32003610000000820619
32003610000000820556
32003610000000820629
32003610000000820616
32003610000000820579
32003610000000820358
32003610000000820613
32003610000000820606
32003610000000820672
32003610000000820634
32003610000000820596
32003610000000820598
32003610000000820584
32003610000000820561
32003610000000820576
32003610000000820578
32003610000000820624
32003610000000821757
32003610000000817766
32003610000000821138
32003610000000820174
32003610000000821494
32003610000000821478
32003610000000820898
32003610000000821167
32003610000000821182
32003610000000820973
32003610000000821360
32003610000000821137
32003610000000821361
32003610000000821184
32003610000000821419
32003610000000821385
32003610000000821698
32003610000000821378
32003610000000821410
32003610000000821218
32003610000000821305
32003610000000821208
32003610000000821280
32003610000000821240
32003610000000821362
32003610000000821243
32003610000000821223
32003610000000821207
32003610000000821210
32003610000000821232
32003610000000821227
32003610000000821230
32003610000000821380
32003610000000821236
32003610000000821353
32003610000000821297
32003610000000821211
32003610000000821242
32003610000000821214
32003610000000821234
32003610000000821213
32003610000000821241
32003610000000821354
32003610000000821238
32003610000000821333
32003610000000821486
32003610000000821460
32003610000000821441
32003610000000821553
32003610000000821509
32003610000000821273
32003610000000821314
32003610000000821444
32003610000000821446
32003610000000821481
32003610000000821463
32003610000000821467
32003610000000821479
32003610000000821462
32003610000000821465
32003610000000821471
32003610000000821470
32003610000000821472
32003610000000821464
32003610000000821474
32003610000000821452
32003610000000821490
32003610000000821511
32003610000000821491
32003610000000821492
32003610000000821493
32003610000000821488
32003610000000821508
32003610000000821495
32003610000000821497
32003610000000821496
32003610000000821484
32003610000000821510
32003610000000821503
32003610000000821525
32003610000000821513
32003610000000821499
32003610000000821512
32003610000000821522
32003610000000821506
32003610000000821515
32003610000000821519
32003610000000821501
32003610000000821504
32003610000000821518
32003610000000821531
32003610000000821574
32003610000000821535
32003610000000821568
32003610000000821565
32003610000000821563
32003610000000821560
32003610000000821547
32003610000000821555
32003610000000821552
32003610000000821529
32003610000000821576
32003610000000821540
32003610000000821593
32003610000000821536
32003610000000821596
32003610000000821590
32003610000000821588
32003610000000821539
32003610000000821538
32003610000000821582
32003610000000821583
32003610000000821585
32003610000000821608
32003610000000821628
32003610000000821631
32003610000000821611
32003610000000821610
32003610000000821598
32003610000000821619
32003610000000821603
32003610000000821618
32003610000000821634
32003610000000821614
32003610000000821606
32003610000000821633
32003610000000821646
32003610000000821642
32003610000000821647
32003610000000821626
32003610000000821640
32003610000000821636
32003610000000821641
32003610000000821644
32003610000000821645
32003610000000821637
32003610000000821648
32003610000000821622
32003610000000820910
32003610000000821058
32003610000000821277
32003610000000821274
32003610000000821028
32003610000000820978
32003610000000821024
32003610000000820545
32003610000000821038
32003610000000821088
32003610000000820812
32003610000000821041
32003610000000820811
32003610000000820502
32003610000000821075
32003610000000821006
32003610000000821100
32003610000000821085
32003610000000821067
32003610000000820537
32003610000000821029
32003610000000820894
32003610000000821033
32003610000000820976
32003610000000820808
32003610000000821013
32003610000000820547
32003610000000820544
32003610000000821008
32003610000000821012
32003610000000821084
32003610000000821005
32003610000000820993
32003610000000820999
32003610000000821065
32003610000000821125
32003610000000821071
32003610000000821068
32003610000000821063
32003610000000820499
32003610000000820980
32003610000000820988
32003610000000821025
32003610000000820796
32003610000000820971
32003610000000820735
32003610000000821030
32003610000000820501
32003610000000820991
32003610000000820961
32003610000000820963
32003610000000820957
32003610000000820974
32003610000000820992
32003610000000821026
32003610000000820892
32003610000000820734
32003610000000820266
32003610000000821048
32003610000000820962
32003610000000821133
32003610000000820972
32003610000000821132
32003610000000821122
32003610000000821145
32003610000000821146
32003610000000821144
32003610000000821147
32003610000000821136
32003610000000820982
32003610000000821123
32003610000000821149
32003610000000820125
32003610000000817401
32003610000000820119
32003610000000820092
32003610000000817943
32003610000000819759
32003610000000819240
32003610000000819675
32003610000000819279
32003610000000819817
32003610000000819854
32003610000000819686
32003610000000818026
32003610000000819239
32003610000000819235
32003610000000817652
32003610000000818522
32003610000000818221
32003610000000818572
32003610000000818523
32003610000000819751
32003610000000819241
32003610000000818798
32003610000000821260
32003610000000819349
32003610000000819873
32003610000000819640
32003610000000819229
32003610000000819858
32003610000000819848
32003610000000817653
32003610000000818481
32003610000000819264
32003610000000818062
32003610000000817844
32003610000000818157
32003610000000818056
32003610000000819236
32003610000000819727
32003610000000819268
32003610000000819731
32003610000000819255
32003610000000819872
32003610000000818158
32003610000000819228
32003610000000819265
32003610000000817661
32003610000000819789
32003610000000819853
32003610000000819231
32003610000000819874
32003610000000818159
32003610000000819426
32003610000000818329
32003610000000817986
32003610000000819681
32003610000000819433
32003610000000819324
32003610000000818571
32003610000000819118
32003610000000817603
32003610000000821225
32003610000000819269
32003610000000819752
32003610000000819693
32003610000000818245
32003610000000821250
32003610000000820035
32003610000000820003
32003610000000821271
32003610000000819732
32003610000000820007
32003610000000819719
32003610000000819256
32003610000000817807
32003610000000819399
32003610000000819430
32003610000000820159
32003610000000820055
32003610000000821244
32003610000000821200
32003610000000821198
32003610000000821201
32003610000000821205
32003610000000821216
32003610000000820104
32003610000000821267
32003610000000820048
32003610000000820110
32003610000000820137
32003610000000820161
32003610000000820050
32003610000000820037
32003610000000820097
32003610000000820102
32003610000000820142
32003610000000820251
32003610000000821172
32003610000000821177
32003610000000821150
32003610000000820950
32003610000000820935
32003610000000820932
32003610000000820949
32003610000000820966
32003610000000820953
32003610000000820939
32003610000000820933
32003610000000820937
32003610000000820952
32003610000000821126
32003610000000821121
32003610000000821127
32003610000000821153
32003610000000821176
32003610000000820947
32003610000000821170
32003610000000820938
32003610000000821134
32003610000000820951
32003610000000821173
32003610000000821054
32003610000000821055
32003610000000821023
32003610000000820954
32003610000000821135
32003610000000820968
32003610000000820931
32003610000000820945
32003610000000820946
32003610000000821185
32003610000000821081
32003610000000821141
32003610000000821108
32003610000000821148
32003610000000821090
32003610000000821089
32003610000000821105
32003610000000821107
32003610000000821092
32003610000000821083
32003610000000821112
32003610000000821094
32003610000000821076
32003610000000821178
32003610000000821037
32003610000000821079
32003610000000821072
32003610000000821078
32003610000000821073
32003610000000821043
32003610000000821040
32003610000000821070
32003610000000821074
32003610000000821035
32003610000000821034
32003610000000821053
32003610000000821064
32003610000000821044
32003610000000820895
32003610000000821050
32003610000000820908
32003610000000821066
32003610000000821021
32003610000000821049
32003610000000821046
32003610000000821047
32003610000000820856
32003610000000820328
32003610000000820329
32003610000000820338
32003610000000821130
32003610000000820379
32003610000000820431
32003610000000820494
32003610000000820926
32003610000000820986
32003610000000820928
32003610000000817660
32003610000000820930
32003610000000820929
32003610000000820984
32003610000000820922
32003610000000821015
32003610000000820807
32003610000000818256
32003610000000820497
32003610000000820535
32003610000000820905
32003610000000820890
32003610000000820859
32003610000000820500
32003610000000817489
32003610000000820886
32003610000000818438
32003610000000817595
32003610000000817513
32003610000000820546
32003610000000820839
32003610000000818557
32003610000000818555
32003610000000818268
32003610000000820310
32003610000000818563
32003610000000820772
32003610000000818283
32003610000000820550
32003610000000820779
32003610000000819234
32003610000000820756
32003610000000820777
32003610000000819243
32003610000000817192
32003610000000817627
32003610000000818321
32003610000000818617
32003610000000817644
32003610000000817685
32003610000000820564
32003610000000819278
32003610000000817639
32003610000000818228
32003610000000817682
32003610000000817170
32003610000000818345
32003610000000818259
32003610000000820742
32003610000000818184
32003610000000820733
32003610000000820768
32003610000000820744
32003610000000820740
32003610000000820785
32003610000000820764
32003610000000820723
32003610000000820721
32003610000000820722
32003610000000820748
32003610000000820737
32003610000000820717
32003610000000820716
32003610000000820770
32003610000000820746
32003610000000820767
32003610000000820741
32003610000000820749
32003610000000820718
32003610000000820730
32003610000000820713
32003610000000820714
32003610000000820715
32003610000000820731
32003610000000820732
32003610000000820671
32003610000000820679
32003610000000820678
32003610000000820694
32003610000000820850
32003610000000820701
32003610000000820709
32003610000000820704
32003610000000820667
32003610000000820727
32003610000000820707
32003610000000820686
32003610000000820693
32003610000000820729
32003610000000820728
32003610000000820697
32003610000000820696
32003610000000820844
32003610000000820703
32003610000000820829
32003610000000820649
32003610000000820705
32003610000000820683
32003610000000820680
32003610000000820698
32003610000000820700
32003610000000820684
32003610000000820665
32003610000000820673
32003610000000820836
32003610000000820695
32003610000000820691
32003610000000820888
32003610000000820852
32003610000000820838
32003610000000820009
32003610000000820052
32003610000000820006
32003610000000820136
32003610000000819983
32003610000000820166
32003610000000819928
32003610000000820088
32003610000000819985
32003610000000819929
32003610000000819945
32003610000000820165
32003610000000819875
32003610000000819914
32003610000000819915
32003610000000819916
32003610000000819898
32003610000000819913
32003610000000819901
32003610000000819925
32003610000000819900
32003610000000819927
32003610000000819924
32003610000000819903
32003610000000819899
32003610000000820801
32003610000000819804
32003610000000820189
32003610000000820040
32003610000000820601
32003610000000820027
32003610000000820414
32003610000000820782
32003610000000820840
32003610000000819933
32003610000000820775
32003610000000820758
32003610000000820757
32003610000000820778
32003610000000820821
32003610000000820710
32003610000000820760
32003610000000820761
32003610000000820784
32003610000000820776
32003610000000820765
32003610000000820759
32003610000000820529
32003610000000820644
32003610000000820534
32003610000000820681
32003610000000820287
32003610000000820538
32003610000000820569
32003610000000820486
32003610000000820357
32003610000000820285
32003610000000820286
32003610000000820509
32003610000000820259
32003610000000820272
32003610000000820256
32003610000000820276
32003610000000820258
32003610000000820274
32003610000000820270
32003610000000820261
32003610000000820269
32003610000000820275
32003610000000820260
32003610000000820263
32003610000000820235
32003610000000820234
32003610000000820222
32003610000000820223
32003610000000820254
32003610000000820255
32003610000000820217
32003610000000820221
32003610000000820232
32003610000000820237
32003610000000820267
32003610000000820218
32003610000000820229
32003610000000820182
32003610000000820216
32003610000000820228
32003610000000820198
32003610000000820214
32003610000000820193
32003610000000820196
32003610000000820208
32003610000000820203
32003610000000820210
32003610000000820211
32003610000000820792
32003610000000820805
32003610000000820783
32003610000000820791
32003610000000820816
32003610000000820806
32003610000000820790
32003610000000820424
32003610000000820360
32003610000000818748
32003610000000820195
32003610000000818622
32003610000000820160
32003610000000818752
32003610000000817634
32003610000000818107
32003610000000818642
32003610000000818266
32003610000000818641
32003610000000820395
32003610000000818242
32003610000000818081
32003610000000819250
32003610000000818240
32003610000000818735
32003610000000818239
32003610000000817632
32003610000000817826
32003610000000820553
32003610000000820394
32003610000000817745
32003610000000818584
32003610000000818105
32003610000000818079
32003610000000818585
32003610000000818934
32003610000000817637
32003610000000817625
32003610000000817746
32003610000000820555
32003610000000818078
32003610000000818231
32003610000000820725
32003610000000817777
32003610000000819159
32003610000000819267
32003610000000820575
32003610000000819418
32003610000000818553
32003610000000819409
32003610000000819862
32003610000000820341
32003610000000820526
32003610000000820185
32003610000000820184
32003610000000820451
32003610000000820407
32003610000000820449
32003610000000820442
32003610000000820441
32003610000000820426
32003610000000820344
32003610000000820439
32003610000000820448
32003610000000820443
32003610000000820450
32003610000000820437
32003610000000820430
32003610000000820429
32003610000000820467
32003610000000820454
32003610000000820528
32003610000000820455
32003610000000820452
32003610000000820521
32003610000000820465
32003610000000820466
32003610000000820471
32003610000000820469
32003610000000820599
32003610000000820595
32003610000000819917
32003610000000819616
32003610000000819140
32003610000000819377
32003610000000819162
32003610000000819785
32003610000000819120
32003610000000819035
32003610000000819015
32003610000000819003
32003610000000819975
32003610000000819501
32003610000000818420
32003610000000818938
32003610000000817443
32003610000000820140
32003610000000820099
32003610000000820065
32003610000000820064
32003610000000820043
32003610000000820066
32003610000000820042
32003610000000820041
32003610000000820087
32003610000000820089
32003610000000820070
32003610000000820074
32003610000000820090
32003610000000820071
32003610000000820073
32003610000000820068
32003610000000820072
32003610000000820084
32003610000000820091
32003610000000820085
32003610000000820075
32003610000000820083
32003610000000820082
32003610000000820077
32003610000000820096
32003610000000820079
32003610000000820078
32003610000000820094
32003610000000820105
32003610000000820098
32003610000000820093
32003610000000820100
32003610000000820133
32003610000000820129
32003610000000820169
32003610000000820156
32003610000000820128
32003610000000820111
32003610000000820108
32003610000000820154
32003610000000820107
32003610000000820101
32003610000000820145
32003610000000820114
32003610000000820204
32003610000000820207
32003610000000820183
32003610000000820200
32003610000000820199
32003610000000820187
32003610000000820215
32003610000000820170
32003610000000820186
32003610000000820172
32003610000000820226
32003610000000820171
32003610000000820053
32003610000000819957
32003610000000819971
32003610000000819902
32003610000000819844
32003610000000819896
32003610000000819884
32003610000000819926
32003610000000819500
32003610000000819580
32003610000000819711
32003610000000819611
32003610000000819476
32003610000000819424
32003610000000819398
32003610000000819369
32003610000000819493
32003610000000819497
32003610000000819354
32003610000000819446
32003610000000819412
32003610000000819375
32003610000000819367
32003610000000819431
32003610000000819494
32003610000000819357
32003610000000819270
32003610000000819257
32003610000000819124
32003610000000819139
32003610000000819253
32003610000000819285
32003610000000819544
32003610000000819643
32003610000000819660
32003610000000819650
32003610000000819703
32003610000000819626
32003610000000819567
32003610000000819664
32003610000000819534
32003610000000819690
32003610000000819628
32003610000000819620
32003610000000819607
32003610000000819636
32003610000000819696
32003610000000819583
32003610000000819669
32003610000000819666
32003610000000819634
32003610000000819602
32003610000000819535
32003610000000819637
32003610000000819726
32003610000000819639
32003610000000819610
32003610000000819717
32003610000000819522
32003610000000819656
32003610000000819662
32003610000000819715
32003610000000819597
32003610000000819709
32003610000000819649
32003610000000819647
32003610000000819707
32003610000000819658
32003610000000819648
32003610000000819718
32003610000000819706
32003610000000819547
32003610000000819674
32003610000000819700
32003610000000819627
32003610000000819600
32003610000000819635
32003610000000819543
32003610000000819633
32003610000000819615
32003610000000819625
32003610000000819672
32003610000000819688
32003610000000819619
32003610000000819590
32003610000000819598
32003610000000819518
32003610000000819549
32003610000000819584
32003610000000819708
32003610000000819704
32003610000000819723
32003610000000819653
32003610000000819722
32003610000000819601
32003610000000819655
32003610000000819714
32003610000000819725
32003610000000819548
32003610000000819682
32003610000000819483
32003610000000819684
32003610000000819744
32003610000000819578
32003610000000819667
32003610000000819588
32003610000000819697
32003610000000819609
32003610000000819687
32003610000000819541
32003610000000819523
32003610000000819645
32003610000000819646
32003610000000819713
32003610000000819724
32003610000000819519
32003610000000819705
32003610000000819595
32003610000000819521
32003610000000819538
32003610000000819632
32003610000000819612
32003610000000819694
32003610000000819624
32003610000000819683
32003610000000819542
32003610000000819631
32003610000000819701
32003610000000819699
32003610000000819622
32003610000000819537
32003610000000819621
32003610000000819618
32003610000000819638
32003610000000819623
32003610000000819685
32003610000000819566
32003610000000819670
32003610000000820056
32003610000000819777
32003610000000819849
32003610000000820000
32003610000000819761
32003610000000819743
32003610000000820158
32003610000000819739
32003610000000819865
32003610000000820116
32003610000000819769
32003610000000819834
32003610000000819741
32003610000000819762
32003610000000820168
32003610000000819784
32003610000000820004
32003610000000819812
32003610000000819815
32003610000000820030
32003610000000819819
32003610000000819829
32003610000000819921
32003610000000819736
32003610000000819767
32003610000000819831
32003610000000819974
32003610000000819738
32003610000000820163
32003610000000819931
32003610000000819820
32003610000000820038
32003610000000819920
32003610000000820167
32003610000000820057
32003610000000820146
32003610000000819911
32003610000000819978
32003610000000820132
32003610000000819787
32003610000000820034
32003610000000820188
32003610000000819986
32003610000000819840
32003610000000819869
32003610000000818989
32003610000000817418
32003610000000818876
32003610000000818745
32003610000000817935
32003610000000817920
32003610000000819414
32003610000000818564
32003610000000818716
32003610000000817817
32003610000000818436
32003610000000817911
32003610000000818710
32003610000000818896
32003610000000819366
32003610000000819455
32003610000000819200
32003610000000817934
32003610000000818706
32003610000000818468
32003610000000817905
32003610000000817922
32003610000000819233
32003610000000819232
32003610000000817924
32003610000000817545
32003610000000819450
32003610000000818777
32003610000000818711
32003610000000818874
32003610000000818435
32003610000000818865
32003610000000818908
32003610000000818672
32003610000000818249
32003610000000818443
32003610000000818467
32003610000000818470
32003610000000818464
32003610000000819113
32003610000000818433
32003610000000818441
32003610000000818315
32003610000000819496
32003610000000819374
32003610000000818884
32003610000000819495
32003610000000819469
32003610000000817916
32003610000000817914
32003610000000818424
32003610000000818713
32003610000000817918
32003610000000817546
32003610000000818311
32003610000000818612
32003610000000818680
32003610000000818679
32003610000000817936
32003610000000817919
32003610000000817917
32003610000000818024
32003610000000818678
32003610000000818886
32003610000000817921
32003610000000818312
32003610000000817547
32003610000000819378
32003610000000819464
32003610000000818677
32003610000000817555
32003610000000818002
32003610000000818720
32003610000000819252
32003610000000817596
32003610000000819360
32003610000000818721
32003610000000817818
32003610000000819465
32003610000000818611
32003610000000818747
32003610000000818473
32003610000000817773
32003610000000819218
32003610000000818439
32003610000000817915
32003610000000819391
32003610000000819258
32003610000000819351
32003610000000818718
32003610000000818430
32003610000000819463
32003610000000819461
32003610000000819246
32003610000000819488
32003610000000819188
32003610000000819352
32003610000000819489
32003610000000818708
32003610000000819251
32003610000000819047
32003610000000819361
32003610000000819153
32003610000000819372
32003610000000819169
32003610000000819462
32003610000000819273
32003610000000819401
32003610000000818401
32003610000000818403
32003610000000818978
32003610000000819438
32003610000000819106
32003610000000819217
32003610000000819306
32003610000000818676
32003610000000819347
32003610000000817931
32003610000000819346
32003610000000818426
32003610000000818714
32003610000000818251
32003610000000819491
32003610000000818673
32003610000000819376
32003610000000819165
32003610000000818723
32003610000000818400
32003610000000819098
32003610000000819487
32003610000000818898
32003610000000818075
32003610000000819841
32003610000000819918
32003610000000819935
32003610000000819982
32003610000000819949
32003610000000819969
32003610000000820045
32003610000000820032
32003610000000820021
32003610000000820022
32003610000000819980
32003610000000819988
32003610000000819987
32003610000000819897
32003610000000819910
32003610000000819891
32003610000000819909
32003610000000819907
32003610000000820047
32003610000000819889
32003610000000819908
32003610000000819905
32003610000000819906
32003610000000820018
32003610000000820016
32003610000000820005
32003610000000820013
32003610000000819893
32003610000000819979
32003610000000820046
32003610000000819836
32003610000000819818
32003610000000819211
32003610000000819822
32003610000000819879
32003610000000819886
32003610000000819776
32003610000000819880
32003610000000819882
32003610000000819888
32003610000000819887
32003610000000819878
32003610000000819877
32003610000000819863
32003610000000819876
32003610000000819797
32003610000000819885
32003610000000819795
32003610000000819861
32003610000000819798
32003610000000819794
32003610000000819793
32003610000000819792
32003610000000819881
32003610000000819768
32003610000000819753
32003610000000819790
32003610000000819772
32003610000000819680
32003610000000819720
32003610000000819613
32003610000000819608
32003610000000819587
32003610000000819582
32003610000000819606
32003610000000819774
32003610000000819775
32003610000000819771
32003610000000819502
32003610000000819770
32003610000000819786
32003610000000819764
32003610000000819737
32003610000000819742
32003610000000819760
32003610000000819740
32003610000000819814
32003610000000819781
32003610000000819803
32003610000000819766
32003610000000819763
32003610000000819754
32003610000000819755
32003610000000819756
32003610000000819698
32003610000000819557
32003610000000819735
32003610000000819734
32003610000000819757
32003610000000819733
32003610000000819695
32003610000000819758
32003610000000819573
32003610000000819552
32003610000000819553
32003610000000819571
32003610000000819556
32003610000000819550
32003610000000819555
32003610000000819572
32003610000000819569
32003610000000819403
32003610000000819728
32003610000000819271
32003610000000819237
32003610000000819779
32003610000000819773
32003610000000819358
32003610000000819238
32003610000000819178
32003610000000818977
32003610000000819525
32003610000000819678
32003610000000819654
32003610000000819652
32003610000000819651
32003610000000819673
32003610000000819671
32003610000000819668
32003610000000819665
32003610000000819677
32003610000000819657
32003610000000819641
32003610000000819642
32003610000000819599
32003610000000819630
32003610000000819644
32003610000000819591
32003610000000819592
32003610000000819593
32003610000000819596
32003610000000819594
32003610000000819440
32003610000000819512
32003610000000819539
32003610000000819545
32003610000000819536
32003610000000819443
32003610000000819484
32003610000000819485
32003610000000819468
32003610000000819470
32003610000000819475
32003610000000819474
32003610000000819466
32003610000000819492
32003610000000819565
32003610000000819326
32003610000000819439
32003610000000819370
32003610000000819441
32003610000000819467
32003610000000819486
32003610000000819364
32003610000000819442
32003610000000819325
32003610000000819345
32003610000000819526
32003610000000819505
32003610000000819383
32003610000000819387
32003610000000819382
32003610000000819449
32003610000000819490
32003610000000819456
32003610000000819460
32003610000000819404
32003610000000819386
32003610000000819407
32003610000000819385
32003610000000819406
32003610000000819115
32003610000000819138
32003610000000819208
32003610000000819373
32003610000000819344
32003610000000819146
32003610000000819161
32003610000000819179
32003610000000819104
32003610000000818632
32003610000000818454
32003610000000818862
32003610000000818461
32003610000000818725
32003610000000818712
32003610000000818428
32003610000000818450
32003610000000818639
32003610000000818694
32003610000000818990
32003610000000818613
32003610000000818780
32003610000000818397
32003610000000818888
32003610000000818841
32003610000000818472
32003610000000818685
32003610000000818550
32003610000000818840
32003610000000818465
32003610000000818690
32003610000000818726
32003610000000818705
32003610000000818432
32003610000000818633
32003610000000818681
32003610000000818398
32003610000000818709
32003610000000818399
32003610000000818683
32003610000000818707
32003610000000818448
32003610000000818838
32003610000000818462
32003610000000818698
32003610000000818614
32003610000000818459
32003610000000818471
32003610000000818861
32003610000000818996
32003610000000818413
32003610000000818684
32003610000000818411
32003610000000818419
32003610000000818703
32003610000000818699
32003610000000818702
32003610000000818417
32003610000000818451
32003610000000818410
32003610000000818453
32003610000000818414
32003610000000818415
32003610000000818691
32003610000000818484
32003610000000818692
32003610000000818486
32003610000000818724
32003610000000818629
32003610000000818700
32003610000000818546
32003610000000818885
32003610000000818970
32003610000000818727
32003610000000818693
32003610000000818485
32003610000000818460
32003610000000818701
32003610000000818409
32003610000000818456
32003610000000818463
32003610000000818682
32003610000000818445
32003610000000818551
32003610000000818421
32003610000000818457
32003610000000818749
32003610000000818750
32003610000000818423
32003610000000818686
32003610000000818734
32003610000000818446
32003610000000818412
32003610000000817525
32003610000000817146
32003610000000818965
32003610000000818367
32003610000000817529
32003610000000817149
32003610000000817145
32003610000000817148
32003610000000819143
32003610000000819108
32003610000000819121
32003610000000819127
32003610000000819129
32003610000000819119
32003610000000819173
32003610000000819172
32003610000000819128
32003610000000819110
32003610000000819109
32003610000000819100
32003610000000819101
32003610000000819164
32003610000000819152
32003610000000819114
32003610000000819142
32003610000000819207
32003610000000819187
32003610000000819181
32003610000000819156
32003610000000819184
32003610000000819206
32003610000000819182
32003610000000819204
32003610000000819180
32003610000000819183
32003610000000819133
32003610000000819144
32003610000000819123
32003610000000818987
32003610000000818495
32003610000000818243
32003610000000818264
32003610000000818549
32003610000000818781
32003610000000818488
32003610000000818986
32003610000000818909
32003610000000818907
32003610000000818094
32003610000000818948
32003610000000818729
32003610000000818827
32003610000000818824
32003610000000818847
32003610000000818848
32003610000000818829
32003610000000818849
32003610000000818846
32003610000000818826
32003610000000818825
32003610000000818804
32003610000000818799
32003610000000818800
32003610000000818801
32003610000000818802
32003610000000818805
32003610000000818845
32003610000000818803
32003610000000818844
32003610000000818872
32003610000000818870
32003610000000818831
32003610000000818910
32003610000000818877
32003610000000818852
32003610000000818867
32003610000000818834
32003610000000818832
32003610000000818837
32003610000000818830
32003610000000818875
32003610000000818899
32003610000000818966
32003610000000818913
32003610000000818962
32003610000000818967
32003610000000818955
32003610000000818932
32003610000000818959
32003610000000818911
32003610000000818958
32003610000000818960
32003610000000818903
32003610000000818969
32003610000000818991
32003610000000818974
32003610000000818992
32003610000000818998
32003610000000819008
32003610000000819024
32003610000000819095
32003610000000819097
32003610000000819105
32003610000000819094
32003610000000818997
32003610000000818839
32003610000000818873
32003610000000818878
32003610000000818880
32003610000000818887
32003610000000818871
32003610000000818890
32003610000000818894
32003610000000818842
32003610000000818647
32003610000000818881
32003610000000818892
32003610000000818864
32003610000000818866
32003610000000818895
32003610000000818963
32003610000000818927
32003610000000818905
32003610000000818857
32003610000000818929
32003610000000818790
32003610000000818630
32003610000000818859
32003610000000819034
32003610000000819079
32003610000000818889
32003610000000818906
32003610000000818904
32003610000000818836
32003610000000818863
32003610000000818988
32003610000000819077
32003610000000819063
32003610000000819084
32003610000000819085
32003610000000819080
32003610000000819072
32003610000000818979
32003610000000819090
32003610000000819089
32003610000000819062
32003610000000819071
32003610000000819087
32003610000000819060
32003610000000819059
32003610000000819057
32003610000000819068
32003610000000819039
32003610000000819033
32003610000000819021
32003610000000819056
32003610000000819061
32003610000000819055
32003610000000819023
32003610000000819032
32003610000000819019
32003610000000819026
32003610000000819025
32003610000000819007
32003610000000819006
32003610000000819017
32003610000000819028
32003610000000819016
32003610000000819010
32003610000000819011
32003610000000819012
32003610000000818983
32003610000000818982
32003610000000818981
32003610000000818980
32003610000000819001
32003610000000819002
32003610000000819004
32003610000000819005
32003610000000819013
32003610000000819027
32003610000000818951
32003610000000818901
32003610000000818972
32003610000000818883
32003610000000819018
32003610000000819000
32003610000000818912
32003610000000818923
32003610000000819014
32003610000000818783
32003610000000819031
32003610000000819037
32003610000000819048
32003610000000819045
32003610000000819030
32003610000000819020
32003610000000819044
32003610000000819036
32003610000000819049
32003610000000819022
32003610000000819046
32003610000000819029
32003610000000819065
32003610000000819042
32003610000000819050
32003610000000819041
32003610000000819053
32003610000000819051
32003610000000819038
32003610000000819040
32003610000000819058
32003610000000819067
32003610000000819043
32003610000000819064
32003610000000818730
32003610000000818728
32003610000000818733
32003610000000818586
32003610000000818751
32003610000000818732
32003610000000818576
32003610000000818577
32003610000000818671
32003610000000818744
32003610000000818587
32003610000000817868
32003610000000817869
32003610000000817651
32003610000000817867
32003610000000817859
32003610000000817860
32003610000000818156
32003610000000818004
32003610000000817510
32003610000000817527
32003610000000817851
32003610000000817835
32003610000000817507
32003610000000817508
32003610000000817483
32003610000000817506
32003610000000817502
32003610000000817509
32003610000000817399
32003610000000817500
32003610000000817526
32003610000000817501
32003610000000817503
32003610000000817405
32003610000000817404
32003610000000818605
32003610000000817270
32003610000000817395
32003610000000817397
32003610000000817393
32003610000000818797
32003610000000818575
32003610000000818331
32003610000000818302
32003610000000818788
32003610000000818769
32003610000000818767
32003610000000818253
32003610000000818786
32003610000000818689
32003610000000818715
32003610000000818719
32003610000000818696
32003610000000818697
32003610000000818688
32003610000000818717
32003610000000818736
32003610000000818756
32003610000000818754
32003610000000818695
32003610000000818755
32003610000000818675
32003610000000818704
32003610000000818674
32003610000000818626
32003610000000818646
32003610000000818635
32003610000000818625
32003610000000818603
32003610000000818582
32003610000000818593
32003610000000818645
32003610000000818609
32003610000000818608
32003610000000818643
32003610000000818581
32003610000000818796
32003610000000818519
32003610000000818759
32003610000000818760
32003610000000818739
32003610000000818763
32003610000000818758
32003610000000818740
32003610000000818757
32003610000000818738
32003610000000818762
32003610000000818761
32003610000000818562
32003610000000818554
32003610000000817384
32003610000000817361
32003610000000817348
32003610000000817373
32003610000000817478
32003610000000817338
32003610000000817354
32003610000000817709
32003610000000817708
32003610000000817386
32003610000000817388
32003610000000817387
32003610000000817389
32003610000000817390
32003610000000817392
32003610000000817376
32003610000000817364
32003610000000817496
32003610000000817398
32003610000000817461
32003610000000817487
32003610000000817394
32003610000000817382
32003610000000817332
32003610000000817524
32003610000000817499
32003610000000817372
32003610000000817703
32003610000000817475
32003610000000817369
32003610000000817476
32003610000000817494
32003610000000817381
32003610000000817391
32003610000000817505
32003610000000817683
32003610000000817480
32003610000000817764
32003610000000817705
32003610000000817377
32003610000000817379
32003610000000817380
32003610000000817357
32003610000000817700
32003610000000818112
32003610000000818208
32003610000000818114
32003610000000817725
32003610000000817726
32003610000000818117
32003610000000818130
32003610000000818135
32003610000000818191
32003610000000818197
32003610000000818194
32003610000000818120
32003610000000818111
32003610000000818115
32003610000000818161
32003610000000818110
32003610000000818146
32003610000000817727
32003610000000817744
32003610000000818198
32003610000000817767
32003610000000818207
32003610000000817482
32003610000000817722
32003610000000817712
32003610000000818143
32003610000000818145
32003610000000818141
32003610000000818148
32003610000000818138
32003610000000818139
32003610000000818144
32003610000000818127
32003610000000818132
32003610000000818118
32003610000000817719
32003610000000817736
32003610000000818199
32003610000000818394
32003610000000818201
32003610000000818404
32003610000000818200
32003610000000818225
32003610000000818237
32003610000000818219
32003610000000818229
32003610000000818215
32003610000000818238
32003610000000818217
32003610000000818214
32003610000000818211
32003610000000818203
32003610000000818220
32003610000000818227
32003610000000818381
32003610000000818392
32003610000000818209
32003610000000818218
32003610000000818393
32003610000000818382
32003610000000818407
32003610000000818408
32003610000000818121
32003610000000818226
32003610000000818204
32003610000000818212
32003610000000818232
32003610000000818230
32003610000000818236
32003610000000818233
32003610000000818202
32003610000000818224
32003610000000818091
32003610000000818090
32003610000000818627
32003610000000818365
32003610000000818591
32003610000000818366
32003610000000818371
32003610000000818346
32003610000000818258
32003610000000818578
32003610000000818344
32003610000000818590
32003610000000818588
32003610000000818364
32003610000000818580
32003610000000818391
32003610000000818579
32003610000000818589
32003610000000818474
32003610000000818241
32003610000000818490
32003610000000818347
32003610000000818552
32003610000000818592
32003610000000817481
32003610000000817743
32003610000000817565
32003610000000817796
32003610000000817493
32003610000000817789
32003610000000818052
32003610000000818048
32003610000000818042
32003610000000817816
32003610000000817471
32003610000000817737
32003610000000817597
32003610000000817780
32003610000000817484
32003610000000817452
32003610000000817814
32003610000000817815
32003610000000818047
32003610000000818050
32003610000000818023
32003610000000818067
32003610000000818065
32003610000000817811
32003610000000817457
32003610000000817792
32003610000000817794
32003610000000817456
32003610000000817462
32003610000000817492
32003610000000817490
32003610000000817498
32003610000000818154
32003610000000817497
32003610000000817463
32003610000000818049
32003610000000817520
32003610000000817460
32003610000000817495
32003610000000817491
32003610000000817485
32003610000000818053
32003610000000817843
32003610000000818068
32003610000000817795
32003610000000817473
32003610000000817488
32003610000000818491
32003610000000818291
32003610000000818466
32003610000000818267
32003610000000818155
32003610000000818277
32003610000000818308
32003610000000818328
32003610000000818309
32003610000000818330
32003610000000818234
32003610000000818265
32003610000000818304
32003610000000818152
32003610000000818168
32003610000000818153
32003610000000818167
32003610000000818169
32003610000000818136
32003610000000818165
32003610000000818100
32003610000000818164
32003610000000818166
32003610000000818097
32003610000000818140
32003610000000818087
32003610000000818088
32003610000000818077
32003610000000818066
32003610000000818045
32003610000000818084
32003610000000818054
32003610000000818093
32003610000000818029
32003610000000818108
32003610000000818080
32003610000000818025
32003610000000817965
32003610000000817962
32003610000000817728
32003610000000818447
32003610000000818377
32003610000000818384
32003610000000818373
32003610000000818387
32003610000000818437
32003610000000818442
32003610000000818449
32003610000000818422
32003610000000818378
32003610000000818376
32003610000000818434
32003610000000818431
32003610000000818440
32003610000000818429
32003610000000818427
32003610000000818402
32003610000000818425
32003610000000818416
32003610000000818418
32003610000000818383
32003610000000818379
32003610000000818374
32003610000000818375
32003610000000818385
32003610000000818388
32003610000000818369
32003610000000818386
32003610000000818489
32003610000000817999
32003610000000817908
32003610000000818314
32003610000000818286
32003610000000818287
32003610000000818276
32003610000000818295
32003610000000818306
32003610000000817910
32003610000000818252
32003610000000818310
32003610000000817913
32003610000000818273
32003610000000817904
32003610000000818348
32003610000000818293
32003610000000818313
32003610000000817907
32003610000000817333
32003610000000817477
32003610000000818032
32003610000000818055
32003610000000817246
32003610000000817337
32003610000000817331
32003610000000818041
32003610000000817329
32003610000000817328
32003610000000817302
32003610000000818059
32003610000000817326
32003610000000817301
32003610000000817230
32003610000000817297
32003610000000817335
32003610000000817299
32003610000000818060
32003610000000817327
32003610000000817895
32003610000000817800
32003610000000818162
32003610000000818069
32003610000000817351
32003610000000818008
32003610000000817791
32003610000000818064
32003610000000817896
32003610000000817319
32003610000000817323
32003610000000817300
32003610000000817799
32003610000000818185
32003610000000817564
32003610000000817537
32003610000000817798
32003610000000817802
32003610000000818190
32003610000000818071
32003610000000817887
32003610000000817797
32003610000000817620
32003610000000817890
32003610000000818073
32003610000000818188
32003610000000817952
32003610000000817899
32003610000000817888
32003610000000818014
32003610000000817753
32003610000000817891
32003610000000817898
32003610000000817870
32003610000000817953
32003610000000817752
32003610000000817801
32003610000000817538
32003610000000818192
32003610000000818222
32003610000000817583
32003610000000817892
32003610000000818189
32003610000000818187
32003610000000817755
32003610000000818016
32003610000000818193
32003610000000818001
32003610000000817966
32003610000000817790
32003610000000818072
32003610000000817813
32003610000000818170
32003610000000818007
32003610000000818070
32003610000000818031
32003610000000817912
32003610000000817906
32003610000000817909
32003610000000818195
32003610000000817819
32003610000000817831
32003610000000818057
32003610000000818046
32003610000000818380
32003610000000818320
32003610000000818244
32003610000000818247
32003610000000817960
32003610000000817770
32003610000000818205
32003610000000818280
32003610000000818257
32003610000000818289
32003610000000818322
32003610000000818297
32003610000000818318
32003610000000818299
32003610000000818324
32003610000000818284
32003610000000818254
32003610000000818282
32003610000000818255
32003610000000818260
32003610000000818261
32003610000000818262
32003610000000818206
32003610000000818272
32003610000000818216
32003610000000818269
32003610000000818263
32003610000000818160
32003610000000818288
32003610000000818250
32003610000000818270
32003610000000818271
32003610000000818279
32003610000000818281
32003610000000818058
32003610000000818103
32003610000000818098
32003610000000818129
32003610000000818137
32003610000000818092
32003610000000818125
32003610000000818096
32003610000000818133
32003610000000818134
32003610000000818131
32003610000000818076
32003610000000818063
32003610000000818126
32003610000000817768
32003610000000817808
32003610000000817806
32003610000000817782
32003610000000817812
32003610000000817823
32003610000000817955
32003610000000817933
32003610000000817822
32003610000000817263
32003610000000817956
32003610000000817938
32003610000000817932
32003610000000817940
32003610000000817937
32003610000000817963
32003610000000817958
32003610000000817820
32003610000000817289
32003610000000817723
32003610000000817734
32003610000000817731
32003610000000817730
32003610000000817286
32003610000000817718
32003610000000817716
32003610000000817715
32003610000000817714
32003610000000817740
32003610000000817742
32003610000000817281
32003610000000817514
32003610000000817516
32003610000000817551
32003610000000817535
32003610000000817518
32003610000000817517
32003610000000817532
32003610000000817479
32003610000000817549
32003610000000817519
32003610000000817486
32003610000000817296
32003610000000817554
32003610000000817574
32003610000000817558
32003610000000817553
32003610000000817566
32003610000000817576
32003610000000817561
32003610000000817578
32003610000000817557
32003610000000817569
32003610000000817552
32003610000000817572
32003610000000817570
32003610000000817581
32003610000000817607
32003610000000817580
32003610000000817563
32003610000000817587
32003610000000817585
32003610000000817608
32003610000000817584
32003610000000817588
32003610000000817605
32003610000000817579
32003610000000817590
32003610000000817613
32003610000000817645
32003610000000817646
32003610000000817611
32003610000000817609
32003610000000817614
32003610000000817615
32003610000000817594
32003610000000817592
32003610000000817593
32003610000000817616
32003610000000817267
32003610000000818275
32003610000000817863
32003610000000817717
32003610000000817729
32003610000000817711
32003610000000817901
32003610000000817827
32003610000000817997
32003610000000817233
32003610000000818223
32003610000000817805
32003610000000817598
32003610000000817599
32003610000000817964
32003610000000818006
32003610000000817976
32003610000000818074
32003610000000817345
32003610000000817541
32003610000000817316
32003610000000817212
32003610000000817275
32003610000000817213
32003610000000817756
32003610000000817347
32003610000000817903
32003610000000817849
32003610000000817894
32003610000000817850
32003610000000817833
32003610000000817893
32003610000000817967
32003610000000817834
32003610000000817848
32003610000000817972
32003610000000817989
32003610000000817990
32003610000000818116
32003610000000817993
32003610000000818106
32003610000000818128
32003610000000818124
32003610000000818113
32003610000000818119
32003610000000818122
32003610000000818149
32003610000000818150
32003610000000818123
32003610000000818085
32003610000000818083
32003610000000818151
32003610000000818095
32003610000000818142
32003610000000818102
32003610000000818099
32003610000000818089
32003610000000817971
32003610000000818147
32003610000000817991
32003610000000817970
32003610000000817988
32003610000000817278
32003610000000817259
32003610000000817132
32003610000000817248
32003610000000817623
32003610000000817697
32003610000000817681
32003610000000817785
32003610000000817706
32003610000000817793
32003610000000817788
32003610000000817543
32003610000000818018
32003610000000817902
32003610000000817941
32003610000000817841
32003610000000817957
32003610000000817942
32003610000000817864
32003610000000817985
32003610000000817865
32003610000000817928
32003610000000817858
32003610000000817842
32003610000000817939
32003610000000817840
32003610000000817846
32003610000000817855
32003610000000817852
32003610000000817829
32003610000000817845
32003610000000817809
32003610000000817847
32003610000000817839
32003610000000817854
32003610000000817786
32003610000000817853
32003610000000817760
32003610000000817670
32003610000000817690
32003610000000817600
32003610000000817758
32003610000000817739
32003610000000817692
32003610000000817757
32003610000000817775
32003610000000817308
32003610000000817633
32003610000000817631
32003610000000817628
32003610000000817626
32003610000000817836
32003610000000817837
32003610000000817856
32003610000000817857
32003610000000817838
32003610000000817803
32003610000000817824
32003610000000817750
32003610000000817810
32003610000000817749
32003610000000817759
32003610000000817761
32003610000000817771
32003610000000817751
32003610000000817754
32003610000000817776
32003610000000817641
32003610000000817640
32003610000000817696
32003610000000817638
32003610000000817635
32003610000000817666
32003610000000817655
32003610000000817630
32003610000000817648
32003610000000817636
32003610000000817629
32003610000000817650
32003610000000817701
32003610000000817643
32003610000000817658
32003610000000817649
32003610000000817724
32003610000000817676
32003610000000817735
32003610000000817657
32003610000000817656
32003610000000817659
32003610000000817642
32003610000000817664
32003610000000817665
32003610000000817647
32003610000000817781
32003610000000817288
32003610000000817762
32003610000000817511
32003610000000817783
32003610000000817693
32003610000000817540
32003610000000817440
32003610000000817466
32003610000000817444
32003610000000817464
32003610000000817512
32003610000000817530
32003610000000817515
32003610000000817531
32003610000000817414
32003610000000817439
32003610000000817420
32003610000000817419
32003610000000817469
32003610000000817445
32003610000000817470
32003610000000817416
32003610000000817422
32003610000000817442
32003610000000817453
32003610000000817467
32003610000000817465
32003610000000817448
32003610000000817474
32003610000000817417
32003610000000817446
32003610000000817438
32003610000000817421
32003610000000817458
32003610000000817472
32003610000000817522
32003610000000817536
32003610000000817521
32003610000000817560
32003610000000817567
32003610000000817544
32003610000000817622
32003610000000817370
32003610000000817617
32003610000000817533
32003610000000817528
32003610000000817400
32003610000000817368
32003610000000817378
32003610000000817548
32003610000000817582
32003610000000817619
32003610000000817406
32003610000000817343
32003610000000817365
32003610000000817367
32003610000000817353
32003610000000817355
32003610000000817339
32003610000000817340
32003610000000817356
32003610000000817336
32003610000000817341
32003610000000817366
32003610000000817342
32003610000000817324
32003610000000817320
32003610000000817314
32003610000000817321
32003610000000817303
32003610000000817349
32003610000000817330
32003610000000817344
32003610000000817322
32003610000000817346
32003610000000817334
32003610000000817350
32003610000000817190
32003610000000817449
32003610000000817311
32003610000000817318
32003610000000817317
32003610000000817188
32003610000000817451
32003610000000817182
32003610000000817224
32003610000000817202
32003610000000817450
32003610000000817447
32003610000000817177
32003610000000817214
32003610000000817468
32003610000000817245
32003610000000817186
32003610000000817383
32003610000000817161
32003610000000817185
32003610000000817269
32003610000000817166
32003610000000817134
32003610000000817157
32003610000000817197
32003610000000817236
32003610000000817152
32003610000000817153
32003610000000817178
32003610000000817169
32003610000000817174
32003610000000817211
32003610000000817142
32003610000000817143
32003610000000817176
32003610000000817160
32003610000000817144
32003610000000817151
32003610000000817122
32003610000000817133
32003610000000817137
32003610000000817167
32003610000000817215
32003610000000817175
32003610000000817138
32003610000000817135
32003610000000817187
32003610000000817199
32003610000000817181
32003610000000817201
32003610000000817136
32003610000000817139
32003610000000817179
32003610000000817158
32003610000000817234
32003610000000817154
32003610000000817156
32003610000000817295
32003610000000817194
32003610000000817260
32003610000000817325
32003610000000817150
32003610000000817232
32003610000000817402
32003610000000817164
32003610000000817141
32003610000000817140
32003610000000817162
32003610000000817123
32003610000000817184
32003610000000817272
32003610000000817172
32003610000000817147
32003610000000817226
32003610000000817195
32003610000000817155
32003610000000817198
32003610000000817203
32003610000000817168
32003610000000817189
32003610000000817171
32003610000000817173
32003610000000817121
32003610000000817191
32003610000000817165
32003610000000817193
32003610000000817204
32003610000000817180
32003610000000817115
32003610000000817163
32003610000000817205
32003610000000817247
32003610000000817209
32003610000000817237
32003610000000817208
32003610000000817207
32003610000000817254
32003610000000817200
32003610000000817222
32003610000000817241
32003610000000817253
32003610000000817276
32003610000000817244
32003610000000817221
32003610000000817220
32003610000000817240
32003610000000817223
32003610000000817243
32003610000000817257
32003610000000817242
32003610000000817217
32003610000000817238
32003610000000817219
32003610000000817218
32003610000000817216
32003610000000817284
32003610000000817277
32003610000000817279